635.684814453125
628.078125
602.489013671875
603.995849609375
669.68115234375
1582.280029296875
844.1181640625
614.1533203125
643.6083984375
603.78369140625
677.820068359375
643.8642578125
571.99365234375
635.099609375
597.269775390625
621.45556640625
630.60693359375
630.638916015625
636.090087890625
576.233154296875
1776.143310546875
812.950927734375
666.759521484375
616.21630859375
617.966552734375
618.0771484375
637.829833984375
605.375732421875
585.771728515625
606.687255859375
619.70849609375
588.4912109375
628.05029296875
591.385498046875
620.390625
1558.86572265625
644.396484375
638.374755859375
621.676513671875
624.338134765625
611.18798828125
628.287841796875
650.755615234375
623.505126953125
627.23095703125
616.2158203125
667.546875
638.130615234375
614.75830078125
2162.039794921875
904.5361328125
1407.479736328125
1358.68603515625
1268.937744140625
612.1630859375
631.457763671875
878.4365234375
615.81884765625
598.986572265625
767.59521484375
651.301025390625
626.52001953125
623.5625
881.38818359375
657.054443359375
650.969482421875
617.720458984375
636.25927734375
805.24755859375
1489.353515625
626.319091796875
679.47265625
673.23681640625
676.630859375
930.082275390625
770.265869140625
612.9638671875
646.24951171875
595.118896484375
963.4013671875
621.49853515625
620.25048828125
612.063720703125
635.434814453125
616.306396484375
629.382080078125
661.164794921875
1765.762451171875
806.42236328125
604.814697265625
666.419921875
610.235595703125
582.30859375
668.583984375
649.23681640625
654.531494140625
644.43603515625
610.744384765625
611.399658203125
646.021240234375
657.709716796875
610.779541015625
616.561767578125
636.389892578125
673.039306640625
653.039306640625
671.827392578125
615.85205078125
607.12890625
605.36865234375
690.418701171875
621.56591796875
619.8427734375
623.525634765625
640.614013671875
787.39208984375
616.962646484375
