-1340.842041015625
-1241.47314453125
-1369.98681640625
-1406.06494140625
-1474.855712890625
-1629.33740234375
-1478.138916015625
-2367.435546875
-2095.555419921875
-1225.654296875
-1204.858154296875
-1195.181396484375
-1158.845703125
-1160.744140625
-1171.5166015625
-1216.9580078125
-1212.6025390625
-1186.305908203125
-1202.908203125
-1207.783935546875
-1213.401123046875
-1219.24365234375
-1224.499755859375
-1260.0546875
-1228.6982421875
-2314.03173828125
-1530.936279296875
-1256.351806640625
-1289.982177734375
-1267.164794921875
-1485.61083984375
-1257.31494140625
-1265.608154296875
-1250.1494140625
-1289.749755859375
-1257.438232421875
-1245.091064453125
-1321.48876953125
-1285.176513671875
-1251.48388671875
-1252.4990234375
-1293.131591796875
-1276.283447265625
-1251.78564453125
-1259.300048828125
-1236.701416015625
-1251.781982421875
-1247.4609375
-1240.548583984375
-1276.105712890625
-1395.857177734375
-1272.13623046875
-1279.6748046875
-1271.12158203125
-1362.699951171875
-2872.8857421875
-1912.09814453125
-1282.43798828125
-1271.22314453125
-1289.256103515625
-1257.72119140625
-1326.138427734375
-1281.608642578125
-1256.680908203125
-1298.514404296875
-1257.6748046875
-1285.183837890625
-1277.111572265625
-1293.50048828125
-1369.182373046875
-1363.5986328125
-1288.192138671875
-1719.682861328125
-1316.641357421875
-1369.15625
-1308.56982421875
-1320.544189453125
-1325.423095703125
-1309.222412109375
-1339.8896484375
-1302.84716796875
-1346.665771484375
-1340.850341796875
-1312.3154296875
-1311.01904296875
-1298.01708984375
-1309.853271484375
-1367.541015625
-1324.1943359375
-1553.58642578125
-1395.619140625
-1372.660400390625
-1379.962890625
-1335.036865234375
-1358.158447265625
-2280.4765625
-2555.94189453125
-1312.550537109375
-1421.11962890625
-1388.901123046875
-1382.201416015625
-1592.57470703125
-1357.849365234375
-1353.703369140625
-1358.2724609375
-1369.570068359375
-1380.29052734375
-1372.799072265625
-1376.310302734375
-1343.115478515625
-1327.3408203125
-1407.954833984375
-1381.990234375
-1415.703125
-1333.014892578125
-1369.275634765625
-1341.364990234375
-1325.177734375
-1357.128662109375
-1408.73974609375
-1365.179931640625
-1350.38232421875
-1404.187744140625
-1325.891357421875
-1326.0673828125
-1330.39794921875
-1423.810791015625
-1399.33447265625
-1481.36669921875
-1377.8740234375
-1654.591796875
-1397.5576171875
-1388.99560546875
-1392.823974609375
-2962.4697265625
-1968.773681640625
-1345.50634765625
-1430.831298828125
-1381.385986328125
-1395.16552734375
-1445.17578125
-1420.014404296875
-1390.52099609375
-1427.3203125
-1416.1650390625
-1381.55859375
-1398.026123046875
-1424.608154296875
-1579.893310546875
-1426.510009765625
-1447.105712890625
-1382.367431640625
-1420.356689453125
-1436.06396484375
-1502.108154296875
-1373.23046875
-1475.028076171875
-1458.553466796875
-1410.167724609375
-1405.417236328125
-1393.3251953125
-1416.08544921875
-1401.84326171875
-1412.548095703125
-1426.064697265625
-1453.093505859375
-1381.49951171875
-1476.12939453125
-2084.105712890625
-2105.266357421875
-2097.40625
-4178.1796875
-1555.20458984375
-1512.269775390625
-1452.129150390625
-1434.90478515625
-1476.592041015625
-1458.373291015625
-1442.259033203125
-1504.19140625
-1444.8642578125
-1461.26904296875
-1465.95361328125
-1528.68212890625
-1428.54296875
-1454.503173828125
-1487.55908203125
-1488.081298828125
-1481.7197265625
-1532.69970703125
-1573.318359375
-1501.783447265625
-1497.173583984375
-1471.31396484375
-1465.487060546875
-1453.62255859375
-1411.0517578125
-1448.400390625
-1512.892822265625
-1434.85546875
-1512.031494140625
-1456.005615234375
-1570.57861328125
-1667.9638671875
-1432.60546875
-1442.826904296875
-1401.609375
-3579.99755859375
-1444.39208984375
-1456.01953125
-1481.840576171875
-1517.137451171875
-1466.919189453125
-1436.395263671875
-1621.3798828125
-1547.6181640625
-1692.613037109375
-1525.097900390625
-1703.75390625
-1637.538818359375
-1677.082275390625
-1655.440673828125
-1712.722900390625
-1594.942626953125
-1666.9755859375
-1617.768798828125
-1768.902099609375
-1698.288330078125
-1631.759521484375
-1566.000244140625
-2300.189453125
-3169.6298828125
-1546.435791015625
-1659.201904296875
-1582.275634765625
-1664.97900390625
-1628.1240234375
-1687.592041015625
-1494.00830078125
-1688.5888671875
-1665.423828125
-1632.555419921875
-1616.717529296875
-1737.755859375
-1562.09716796875
-3304.89794921875
-1872.614990234375
-3104.579345703125
-3499.6923828125
-1607.34375
-1696.804931640625
-1940.622314453125
-1808.65869140625
-2052.0458984375
-1933.345947265625
-2169.728271484375
-2049.675048828125
-1855.028564453125
-1826.207763671875
-1816.214111328125
-1760.668212890625
-1725.51708984375
-2396.227294921875
-1975.099609375
-1727.20849609375
-2115.599365234375
-1765.365234375
-1740.50146484375
-1751.56298828125
-1838.04931640625
-1828.54296875
-1864.83544921875
-1996.29443359375
-2042.44580078125
-1761.981201171875
-1845.69921875
-4317.49560546875
-3474.5830078125
-1853.371826171875
-1850.704833984375
-1857.93603515625
-1893.503662109375
-1777.742431640625
-1949.455078125
-1827.409912109375
-1843.280029296875
-1978.39404296875
-2163.56298828125
-2026.656005859375
-1922.39990234375
-2053.992431640625
-1834.0908203125
-1881.689697265625
-1997.197265625
-894.590576171875
-884.7666015625
-881.33984375
-848.84765625
-1162.78759765625
-853.159912109375
-856.985107421875
-878.180908203125
-861.4599609375
-866.376953125
-3251.21484375
-952.099853515625
-867.5732421875
-844.7158203125
-881.38037109375
-2502.06689453125
-1201.68994140625
-853.800537109375
-1074.74609375
-944.7265625
-827.79443359375
-862.54931640625
-854.173828125
-887.669189453125
-871.765625
-931.607666015625
-6048.79931640625
-5910.720703125
-890.302001953125
-906.255126953125
-898.5615234375
-883.29736328125
-1045.458251953125
-930.3046875
-896.93701171875
-909.965087890625
-927.5146484375
-933.134521484375
-925.089599609375
-933.203369140625
-982.40771484375
-994.262451171875
-920.468017578125
-922.8544921875
-937.36083984375
-920.1083984375
-941.205078125
-900.609130859375
-910.853759765625
-1229.601318359375
-1394.0517578125
-1271.076171875
-3617.3876953125
-1209.1083984375
-1199.756103515625
-1223.15576171875
-1272.0556640625
-1364.01123046875
-1410.946533203125
-2129.711669921875
-1558.884765625
-1214.858642578125
-1174.690673828125
-1190.947509765625
-1257.91748046875
-1331.252197265625
-1280.53955078125
-1232.03076171875
-1333.7822265625
-2660.8115234375
-2374.6123046875
-1263.8525390625
-1213.392578125
-1219.147705078125
-1244.691162109375
-1297.97509765625
-1292.05126953125
-1341.826416015625
-1320.294921875
-1250.08251953125
-1288.534912109375
-1283.721923828125
-1316.616943359375
-1301.1689453125
-1414.317138671875
-1265.81298828125
-1250.97265625
-1577.935302734375
-1531.07177734375
-2516.206787109375
-1399.9814453125
-1240.6318359375
-2221.6220703125
-4127.37744140625
-1308.96533203125
-1282.706298828125
-1747.29736328125
-1482.22900390625
-1367.697021484375
-1297.9716796875
-1251.733154296875
-1215.599853515625
-1333.0126953125
-1343.27099609375
-1265.620361328125
-1330.554931640625
-1366.990234375
-1319.179443359375
-1361.934326171875
-1497.731201171875
-7615.1611328125
-1559.815185546875
-1639.031494140625
-1709.378662109375
-1534.34033203125
-1312.59619140625
-1447.497802734375
-1516.58935546875
-1351.541259765625
-1346.5595703125
-1397.638427734375
-1279.97412109375
-1661.281005859375
-2066.43701171875
-2576.43359375
-3110.219970703125
-2362.49609375
-1366.5361328125
-1265.4169921875
-1361.193603515625
-1403.94775390625
-1280.7216796875
-1429.698974609375
-1268.316162109375
-1433.458251953125
-1377.82958984375
-1316.005615234375
-1151.2421875
-1146.82958984375
-1203.43212890625
-1167.697998046875
-1132.010986328125
-1234.793701171875
-1129.151123046875
-1065.1337890625
-1193.472412109375
